#1
double Inf_dry(101,16)  # dry weather influent data t Q Si Ss Xi Xs Xbh Xba Xp So Sno Snh Snd Xnd Salk Q/2
  
0.0000000000000000e+00   1.8446000000000000e+04   3.0000000000000000e+01   6.9500000000000000e+01   5.1200000000000000e+01   2.0232000000000000e+02   2.8170000000000000e+01   0.0000000000000000e+00   0.0000000000000000e+00   0.0000000000000000e+00   0.0000000000000000e+00   3.1560000000000000e+01   6.9500000000000000e+00   1.0590000000000000e+01   7.0000000000000000e+00   9.2230000000000000e+04

1.0000000000000000e+00   1.8446000000000000e+04   3.0000000000000000e+01   6.9500000000000000e+01   5.1200000000000000e+01   2.0232000000000000e+02   2.8170000000000000e+01   0.0000000000000000e+00   0.0000000000000000e+00   0.0000000000000000e+00   0.0000000000000000e+00   3.1560000000000000e+01   6.9500000000000000e+00   1.0590000000000000e+01   7.0000000000000000e+00   9.2230000000000000e+04

2.0000000000000000e+00   1.8446000000000000e+04   3.0000000000000000e+01   6.9500000000000000e+01   5.1200000000000000e+01   2.0232000000000000e+02   2.8170000000000000e+01   0.0000000000000000e+00   0.0000000000000000e+00   0.0000000000000000e+00   0.0000000000000000e+00   3.1560000000000000e+01   6.9500000000000000e+00   1.0590000000000000e+01   7.0000000000000000e+00   9.2230000000000000e+04

3.0000000000000000e+00   1.8446000000000000e+04   3.0000000000000000e+01   6.9500000000000000e+01   5.1200000000000000e+01   2.0232000000000000e+02   2.8170000000000000e+01   0.0000000000000000e+00   0.0000000000000000e+00   0.0000000000000000e+00   0.0000000000000000e+00   3.1560000000000000e+01   6.9500000000000000e+00   1.0590000000000000e+01   7.0000000000000000e+00   9.2230000000000000e+04 

4.0000000000000000e+00   1.8446000000000000e+04   3.0000000000000000e+01   6.9500000000000000e+01   5.1200000000000000e+01   2.0232000000000000e+02   2.8170000000000000e+01   0.0000000000000000e+00   0.0000000000000000e+00   0.0000000000000000e+00   0.0000000000000000e+00   3.1560000000000000e+01   6.9500000000000000e+00   1.0590000000000000e+01   7.0000000000000000e+00   9.2230000000000000e+04 

5.0000000000000000e+00   1.8446000000000000e+04   3.0000000000000000e+01   6.9500000000000000e+01   5.1200000000000000e+01   2.0232000000000000e+02   2.8170000000000000e+01   0.0000000000000000e+00   0.0000000000000000e+00   0.0000000000000000e+00   0.0000000000000000e+00   3.1560000000000000e+01   6.9500000000000000e+00   1.0590000000000000e+01   7.0000000000000000e+00   9.2230000000000000e+04 

6.0000000000000000e+00   1.8446000000000000e+04   3.0000000000000000e+01   6.9500000000000000e+01   5.1200000000000000e+01   2.0232000000000000e+02   2.8170000000000000e+01   0.0000000000000000e+00   0.0000000000000000e+00   0.0000000000000000e+00   0.0000000000000000e+00   3.1560000000000000e+01   6.9500000000000000e+00   1.0590000000000000e+01   7.0000000000000000e+00   9.2230000000000000e+04

7.0000000000000000e+00   1.8446000000000000e+04   3.0000000000000000e+01   6.9500000000000000e+01   5.1200000000000000e+01   2.0232000000000000e+02   2.8170000000000000e+01   0.0000000000000000e+00   0.0000000000000000e+00   0.0000000000000000e+00   0.0000000000000000e+00   3.1560000000000000e+01   6.9500000000000000e+00   1.0590000000000000e+01   7.0000000000000000e+00   9.2230000000000000e+04

8.0000000000000000e+00   1.8446000000000000e+04   3.0000000000000000e+01   6.9500000000000000e+01   5.1200000000000000e+01   2.0232000000000000e+02   2.8170000000000000e+01   0.0000000000000000e+00   0.0000000000000000e+00   0.0000000000000000e+00   0.0000000000000000e+00   3.1560000000000000e+01   6.9500000000000000e+00   1.0590000000000000e+01   7.0000000000000000e+00   9.2230000000000000e+04

9.0000000000000000e+00   1.8446000000000000e+04   3.0000000000000000e+01   6.9500000000000000e+01   5.1200000000000000e+01   2.0232000000000000e+02   2.8170000000000000e+01   0.0000000000000000e+00   0.0000000000000000e+00   0.0000000000000000e+00   0.0000000000000000e+00   3.1560000000000000e+01   6.9500000000000000e+00   1.0590000000000000e+01   7.0000000000000000e+00   9.2230000000000000e+04 

1.0000000000000000e+01   1.8446000000000000e+04   3.0000000000000000e+01   6.9500000000000000e+01   5.1200000000000000e+01   2.0232000000000000e+02   2.8170000000000000e+01   0.0000000000000000e+00   0.0000000000000000e+00   0.0000000000000000e+00   0.0000000000000000e+00   3.1560000000000000e+01   6.9500000000000000e+00   1.0590000000000000e+01   7.0000000000000000e+00   9.2230000000000000e+04 

1.1000000000000000e+01   1.8446000000000000e+04   3.0000000000000000e+01   6.9500000000000000e+01   5.1200000000000000e+01   2.0232000000000000e+02   2.8170000000000000e+01   0.0000000000000000e+00   0.0000000000000000e+00   0.0000000000000000e+00   0.0000000000000000e+00   3.1560000000000000e+01   6.9500000000000000e+00   1.0590000000000000e+01   7.0000000000000000e+00   9.2230000000000000e+04 

1.2000000000000000e+01   1.8446000000000000e+04   3.0000000000000000e+01   6.9500000000000000e+01   5.1200000000000000e+01   2.0232000000000000e+02   2.8170000000000000e+01   0.0000000000000000e+00   0.0000000000000000e+00   0.0000000000000000e+00   0.0000000000000000e+00   3.1560000000000000e+01   6.9500000000000000e+00   1.0590000000000000e+01   7.0000000000000000e+00   9.2230000000000000e+04

1.3000000000000000e+01   1.8446000000000000e+04   3.0000000000000000e+01   6.9500000000000000e+01   5.1200000000000000e+01   2.0232000000000000e+02   2.8170000000000000e+01   0.0000000000000000e+00   0.0000000000000000e+00   0.0000000000000000e+00   0.0000000000000000e+00   3.1560000000000000e+01   6.9500000000000000e+00   1.0590000000000000e+01   7.0000000000000000e+00   9.2230000000000000e+04

1.4000000000000000e+01   1.8446000000000000e+04   3.0000000000000000e+01   6.9500000000000000e+01   5.1200000000000000e+01   2.0232000000000000e+02   2.8170000000000000e+01   0.0000000000000000e+00   0.0000000000000000e+00   0.0000000000000000e+00   0.0000000000000000e+00   3.1560000000000000e+01   6.9500000000000000e+00   1.0590000000000000e+01   7.0000000000000000e+00   9.2230000000000000e+04

1.5000000000000000e+01   1.8446000000000000e+04   3.0000000000000000e+01   6.9500000000000000e+01   5.1200000000000000e+01   2.0232000000000000e+02   2.8170000000000000e+01   0.0000000000000000e+00   0.0000000000000000e+00   0.0000000000000000e+00   0.0000000000000000e+00   3.1560000000000000e+01   6.9500000000000000e+00   1.0590000000000000e+01   7.0000000000000000e+00   9.2230000000000000e+04 

1.6000000000000000e+01   1.8446000000000000e+04   3.0000000000000000e+01   6.9500000000000000e+01   5.1200000000000000e+01   2.0232000000000000e+02   2.8170000000000000e+01   0.0000000000000000e+00   0.0000000000000000e+00   0.0000000000000000e+00   0.0000000000000000e+00   3.1560000000000000e+01   6.9500000000000000e+00   1.0590000000000000e+01   7.0000000000000000e+00   9.2230000000000000e+04 

1.7000000000000000e+01   1.8446000000000000e+04   3.0000000000000000e+01   6.9500000000000000e+01   5.1200000000000000e+01   2.0232000000000000e+02   2.8170000000000000e+01   0.0000000000000000e+00   0.0000000000000000e+00   0.0000000000000000e+00   0.0000000000000000e+00   3.1560000000000000e+01   6.9500000000000000e+00   1.0590000000000000e+01   7.0000000000000000e+00   9.2230000000000000e+04 

1.8000000000000000e+01   1.8446000000000000e+04   3.0000000000000000e+01   6.9500000000000000e+01   5.1200000000000000e+01   2.0232000000000000e+02   2.8170000000000000e+01   0.0000000000000000e+00   0.0000000000000000e+00   0.0000000000000000e+00   0.0000000000000000e+00   3.1560000000000000e+01   6.9500000000000000e+00   1.0590000000000000e+01   7.0000000000000000e+00   9.2230000000000000e+04

1.9000000000000000e+01   1.8446000000000000e+04   3.0000000000000000e+01   6.9500000000000000e+01   5.1200000000000000e+01   2.0232000000000000e+02   2.8170000000000000e+01   0.0000000000000000e+00   0.0000000000000000e+00   0.0000000000000000e+00   0.0000000000000000e+00   3.1560000000000000e+01   6.9500000000000000e+00   1.0590000000000000e+01   7.0000000000000000e+00   9.2230000000000000e+04

2.0000000000000000e+01   1.8446000000000000e+04   3.0000000000000000e+01   6.9500000000000000e+01   5.1200000000000000e+01   2.0232000000000000e+02   2.8170000000000000e+01   0.0000000000000000e+00   0.0000000000000000e+00   0.0000000000000000e+00   0.0000000000000000e+00   3.1560000000000000e+01   6.9500000000000000e+00   1.0590000000000000e+01   7.0000000000000000e+00   9.2230000000000000e+04

2.1000000000000000e+01   1.8446000000000000e+04   3.0000000000000000e+01   6.9500000000000000e+01   5.1200000000000000e+01   2.0232000000000000e+02   2.8170000000000000e+01   0.0000000000000000e+00   0.0000000000000000e+00   0.0000000000000000e+00   0.0000000000000000e+00   3.1560000000000000e+01   6.9500000000000000e+00   1.0590000000000000e+01   7.0000000000000000e+00   9.2230000000000000e+04 

2.2000000000000000e+01   1.8446000000000000e+04   3.0000000000000000e+01   6.9500000000000000e+01   5.1200000000000000e+01   2.0232000000000000e+02   2.8170000000000000e+01   0.0000000000000000e+00   0.0000000000000000e+00   0.0000000000000000e+00   0.0000000000000000e+00   3.1560000000000000e+01   6.9500000000000000e+00   1.0590000000000000e+01   7.0000000000000000e+00   9.2230000000000000e+04 

2.3000000000000000e+01   1.8446000000000000e+04   3.0000000000000000e+01   6.9500000000000000e+01   5.1200000000000000e+01   2.0232000000000000e+02   2.8170000000000000e+01   0.0000000000000000e+00   0.0000000000000000e+00   0.0000000000000000e+00   0.0000000000000000e+00   3.1560000000000000e+01   6.9500000000000000e+00   1.0590000000000000e+01   7.0000000000000000e+00   9.2230000000000000e+04 

2.4000000000000000e+01   1.8446000000000000e+04   3.0000000000000000e+01   6.9500000000000000e+01   5.1200000000000000e+01   2.0232000000000000e+02   2.8170000000000000e+01   0.0000000000000000e+00   0.0000000000000000e+00   0.0000000000000000e+00   0.0000000000000000e+00   3.1560000000000000e+01   6.9500000000000000e+00   1.0590000000000000e+01   7.0000000000000000e+00   9.2230000000000000e+04 

2.5000000000000000e+01   1.8446000000000000e+04   3.0000000000000000e+01   6.9500000000000000e+01   5.1200000000000000e+01   2.0232000000000000e+02   2.8170000000000000e+01   0.0000000000000000e+00   0.0000000000000000e+00   0.0000000000000000e+00   0.0000000000000000e+00   3.1560000000000000e+01   6.9500000000000000e+00   1.0590000000000000e+01   7.0000000000000000e+00   9.2230000000000000e+04 

2.6000000000000000e+01   1.8446000000000000e+04   3.0000000000000000e+01   6.9500000000000000e+01   5.1200000000000000e+01   2.0232000000000000e+02   2.8170000000000000e+01   0.0000000000000000e+00   0.0000000000000000e+00   0.0000000000000000e+00   0.0000000000000000e+00   3.1560000000000000e+01   6.9500000000000000e+00   1.0590000000000000e+01   7.0000000000000000e+00   9.2230000000000000e+04

2.7000000000000000e+01   1.8446000000000000e+04   3.0000000000000000e+01   6.9500000000000000e+01   5.1200000000000000e+01   2.0232000000000000e+02   2.8170000000000000e+01   0.0000000000000000e+00   0.0000000000000000e+00   0.0000000000000000e+00   0.0000000000000000e+00   3.1560000000000000e+01   6.9500000000000000e+00   1.0590000000000000e+01   7.0000000000000000e+00   9.2230000000000000e+04

2.8000000000000000e+01   1.8446000000000000e+04   3.0000000000000000e+01   6.9500000000000000e+01   5.1200000000000000e+01   2.0232000000000000e+02   2.8170000000000000e+01   0.0000000000000000e+00   0.0000000000000000e+00   0.0000000000000000e+00   0.0000000000000000e+00   3.1560000000000000e+01   6.9500000000000000e+00   1.0590000000000000e+01   7.0000000000000000e+00   9.2230000000000000e+04

2.9000000000000000e+01   1.8446000000000000e+04   3.0000000000000000e+01   6.9500000000000000e+01   5.1200000000000000e+01   2.0232000000000000e+02   2.8170000000000000e+01   0.0000000000000000e+00   0.0000000000000000e+00   0.0000000000000000e+00   0.0000000000000000e+00   3.1560000000000000e+01   6.9500000000000000e+00   1.0590000000000000e+01   7.0000000000000000e+00   9.2230000000000000e+04 

3.0000000000000000e+01   1.8446000000000000e+04   3.0000000000000000e+01   6.9500000000000000e+01   5.1200000000000000e+01   2.0232000000000000e+02   2.8170000000000000e+01   0.0000000000000000e+00   0.0000000000000000e+00   0.0000000000000000e+00   0.0000000000000000e+00   3.1560000000000000e+01   6.9500000000000000e+00   1.0590000000000000e+01   7.0000000000000000e+00   9.2230000000000000e+04 

3.1000000000000000e+01   1.8446000000000000e+04   3.0000000000000000e+01   6.9500000000000000e+01   5.1200000000000000e+01   2.0232000000000000e+02   2.8170000000000000e+01   0.0000000000000000e+00   0.0000000000000000e+00   0.0000000000000000e+00   0.0000000000000000e+00   3.1560000000000000e+01   6.9500000000000000e+00   1.0590000000000000e+01   7.0000000000000000e+00   9.2230000000000000e+04 

3.2000000000000000e+01   1.8446000000000000e+04   3.0000000000000000e+01   6.9500000000000000e+01   5.1200000000000000e+01   2.0232000000000000e+02   2.8170000000000000e+01   0.0000000000000000e+00   0.0000000000000000e+00   0.0000000000000000e+00   0.0000000000000000e+00   3.1560000000000000e+01   6.9500000000000000e+00   1.0590000000000000e+01   7.0000000000000000e+00   9.2230000000000000e+04

3.3000000000000000e+01   1.8446000000000000e+04   3.0000000000000000e+01   6.9500000000000000e+01   5.1200000000000000e+01   2.0232000000000000e+02   2.8170000000000000e+01   0.0000000000000000e+00   0.0000000000000000e+00   0.0000000000000000e+00   0.0000000000000000e+00   3.1560000000000000e+01   6.9500000000000000e+00   1.0590000000000000e+01   7.0000000000000000e+00   9.2230000000000000e+04

3.4000000000000000e+01   1.8446000000000000e+04   3.0000000000000000e+01   6.9500000000000000e+01   5.1200000000000000e+01   2.0232000000000000e+02   2.8170000000000000e+01   0.0000000000000000e+00   0.0000000000000000e+00   0.0000000000000000e+00   0.0000000000000000e+00   3.1560000000000000e+01   6.9500000000000000e+00   1.0590000000000000e+01   7.0000000000000000e+00   9.2230000000000000e+04

3.5000000000000000e+01   1.8446000000000000e+04   3.0000000000000000e+01   6.9500000000000000e+01   5.1200000000000000e+01   2.0232000000000000e+02   2.8170000000000000e+01   0.0000000000000000e+00   0.0000000000000000e+00   0.0000000000000000e+00   0.0000000000000000e+00   3.1560000000000000e+01   6.9500000000000000e+00   1.0590000000000000e+01   7.0000000000000000e+00   9.2230000000000000e+04 

3.6000000000000000e+01   1.8446000000000000e+04   3.0000000000000000e+01   6.9500000000000000e+01   5.1200000000000000e+01   2.0232000000000000e+02   2.8170000000000000e+01   0.0000000000000000e+00   0.0000000000000000e+00   0.0000000000000000e+00   0.0000000000000000e+00   3.1560000000000000e+01   6.9500000000000000e+00   1.0590000000000000e+01   7.0000000000000000e+00   9.2230000000000000e+04 

3.7000000000000000e+01   1.8446000000000000e+04   3.0000000000000000e+01   6.9500000000000000e+01   5.1200000000000000e+01   2.0232000000000000e+02   2.8170000000000000e+01   0.0000000000000000e+00   0.0000000000000000e+00   0.0000000000000000e+00   0.0000000000000000e+00   3.1560000000000000e+01   6.9500000000000000e+00   1.0590000000000000e+01   7.0000000000000000e+00   9.2230000000000000e+04 

3.8000000000000000e+01   1.8446000000000000e+04   3.0000000000000000e+01   6.9500000000000000e+01   5.1200000000000000e+01   2.0232000000000000e+02   2.8170000000000000e+01   0.0000000000000000e+00   0.0000000000000000e+00   0.0000000000000000e+00   0.0000000000000000e+00   3.1560000000000000e+01   6.9500000000000000e+00   1.0590000000000000e+01   7.0000000000000000e+00   9.2230000000000000e+04 

3.9000000000000000e+01   1.8446000000000000e+04   3.0000000000000000e+01   6.9500000000000000e+01   5.1200000000000000e+01   2.0232000000000000e+02   2.8170000000000000e+01   0.0000000000000000e+00   0.0000000000000000e+00   0.0000000000000000e+00   0.0000000000000000e+00   3.1560000000000000e+01   6.9500000000000000e+00   1.0590000000000000e+01   7.0000000000000000e+00   9.2230000000000000e+04 

4.0000000000000000e+01   1.8446000000000000e+04   3.0000000000000000e+01   6.9500000000000000e+01   5.1200000000000000e+01   2.0232000000000000e+02   2.8170000000000000e+01   0.0000000000000000e+00   0.0000000000000000e+00   0.0000000000000000e+00   0.0000000000000000e+00   3.1560000000000000e+01   6.9500000000000000e+00   1.0590000000000000e+01   7.0000000000000000e+00   9.2230000000000000e+04

4.1000000000000000e+01   1.8446000000000000e+04   3.0000000000000000e+01   6.9500000000000000e+01   5.1200000000000000e+01   2.0232000000000000e+02   2.8170000000000000e+01   0.0000000000000000e+00   0.0000000000000000e+00   0.0000000000000000e+00   0.0000000000000000e+00   3.1560000000000000e+01   6.9500000000000000e+00   1.0590000000000000e+01   7.0000000000000000e+00   9.2230000000000000e+04

4.2000000000000000e+01   1.8446000000000000e+04   3.0000000000000000e+01   6.9500000000000000e+01   5.1200000000000000e+01   2.0232000000000000e+02   2.8170000000000000e+01   0.0000000000000000e+00   0.0000000000000000e+00   0.0000000000000000e+00   0.0000000000000000e+00   3.1560000000000000e+01   6.9500000000000000e+00   1.0590000000000000e+01   7.0000000000000000e+00   9.2230000000000000e+04

4.3000000000000000e+01   1.8446000000000000e+04   3.0000000000000000e+01   6.9500000000000000e+01   5.1200000000000000e+01   2.0232000000000000e+02   2.8170000000000000e+01   0.0000000000000000e+00   0.0000000000000000e+00   0.0000000000000000e+00   0.0000000000000000e+00   3.1560000000000000e+01   6.9500000000000000e+00   1.0590000000000000e+01   7.0000000000000000e+00   9.2230000000000000e+04 

4.4000000000000000e+01   1.8446000000000000e+04   3.0000000000000000e+01   6.9500000000000000e+01   5.1200000000000000e+01   2.0232000000000000e+02   2.8170000000000000e+01   0.0000000000000000e+00   0.0000000000000000e+00   0.0000000000000000e+00   0.0000000000000000e+00   3.1560000000000000e+01   6.9500000000000000e+00   1.0590000000000000e+01   7.0000000000000000e+00   9.2230000000000000e+04 

4.5000000000000000e+01   1.8446000000000000e+04   3.0000000000000000e+01   6.9500000000000000e+01   5.1200000000000000e+01   2.0232000000000000e+02   2.8170000000000000e+01   0.0000000000000000e+00   0.0000000000000000e+00   0.0000000000000000e+00   0.0000000000000000e+00   3.1560000000000000e+01   6.9500000000000000e+00   1.0590000000000000e+01   7.0000000000000000e+00   9.2230000000000000e+04 

4.6000000000000000e+01   1.8446000000000000e+04   3.0000000000000000e+01   6.9500000000000000e+01   5.1200000000000000e+01   2.0232000000000000e+02   2.8170000000000000e+01   0.0000000000000000e+00   0.0000000000000000e+00   0.0000000000000000e+00   0.0000000000000000e+00   3.1560000000000000e+01   6.9500000000000000e+00   1.0590000000000000e+01   7.0000000000000000e+00   9.2230000000000000e+04

4.7000000000000000e+01   1.8446000000000000e+04   3.0000000000000000e+01   6.9500000000000000e+01   5.1200000000000000e+01   2.0232000000000000e+02   2.8170000000000000e+01   0.0000000000000000e+00   0.0000000000000000e+00   0.0000000000000000e+00   0.0000000000000000e+00   3.1560000000000000e+01   6.9500000000000000e+00   1.0590000000000000e+01   7.0000000000000000e+00   9.2230000000000000e+04

4.8000000000000000e+01   1.8446000000000000e+04   3.0000000000000000e+01   6.9500000000000000e+01   5.1200000000000000e+01   2.0232000000000000e+02   2.8170000000000000e+01   0.0000000000000000e+00   0.0000000000000000e+00   0.0000000000000000e+00   0.0000000000000000e+00   3.1560000000000000e+01   6.9500000000000000e+00   1.0590000000000000e+01   7.0000000000000000e+00   9.2230000000000000e+04

4.9000000000000000e+01   1.8446000000000000e+04   3.0000000000000000e+01   6.9500000000000000e+01   5.1200000000000000e+01   2.0232000000000000e+02   2.8170000000000000e+01   0.0000000000000000e+00   0.0000000000000000e+00   0.0000000000000000e+00   0.0000000000000000e+00   3.1560000000000000e+01   6.9500000000000000e+00   1.0590000000000000e+01   7.0000000000000000e+00   9.2230000000000000e+04 

5.0000000000000000e+01   1.8446000000000000e+04   3.0000000000000000e+01   6.9500000000000000e+01   5.1200000000000000e+01   2.0232000000000000e+02   2.8170000000000000e+01   0.0000000000000000e+00   0.0000000000000000e+00   0.0000000000000000e+00   0.0000000000000000e+00   3.1560000000000000e+01   6.9500000000000000e+00   1.0590000000000000e+01   7.0000000000000000e+00   9.2230000000000000e+04 

5.1000000000000000e+01   1.8446000000000000e+04   3.0000000000000000e+01   6.9500000000000000e+01   5.1200000000000000e+01   2.0232000000000000e+02   2.8170000000000000e+01   0.0000000000000000e+00   0.0000000000000000e+00   0.0000000000000000e+00   0.0000000000000000e+00   3.1560000000000000e+01   6.9500000000000000e+00   1.0590000000000000e+01   7.0000000000000000e+00   9.2230000000000000e+04 

5.2000000000000000e+01   1.8446000000000000e+04   3.0000000000000000e+01   6.9500000000000000e+01   5.1200000000000000e+01   2.0232000000000000e+02   2.8170000000000000e+01   0.0000000000000000e+00   0.0000000000000000e+00   0.0000000000000000e+00   0.0000000000000000e+00   3.1560000000000000e+01   6.9500000000000000e+00   1.0590000000000000e+01   7.0000000000000000e+00   9.2230000000000000e+04 

5.3000000000000000e+01   1.8446000000000000e+04   3.0000000000000000e+01   6.9500000000000000e+01   5.1200000000000000e+01   2.0232000000000000e+02   2.8170000000000000e+01   0.0000000000000000e+00   0.0000000000000000e+00   0.0000000000000000e+00   0.0000000000000000e+00   3.1560000000000000e+01   6.9500000000000000e+00   1.0590000000000000e+01   7.0000000000000000e+00   9.2230000000000000e+04 

5.4000000000000000e+01   1.8446000000000000e+04   3.0000000000000000e+01   6.9500000000000000e+01   5.1200000000000000e+01   2.0232000000000000e+02   2.8170000000000000e+01   0.0000000000000000e+00   0.0000000000000000e+00   0.0000000000000000e+00   0.0000000000000000e+00   3.1560000000000000e+01   6.9500000000000000e+00   1.0590000000000000e+01   7.0000000000000000e+00   9.2230000000000000e+04

5.5000000000000000e+01   1.8446000000000000e+04   3.0000000000000000e+01   6.9500000000000000e+01   5.1200000000000000e+01   2.0232000000000000e+02   2.8170000000000000e+01   0.0000000000000000e+00   0.0000000000000000e+00   0.0000000000000000e+00   0.0000000000000000e+00   3.1560000000000000e+01   6.9500000000000000e+00   1.0590000000000000e+01   7.0000000000000000e+00   9.2230000000000000e+04

5.6000000000000000e+01   1.8446000000000000e+04   3.0000000000000000e+01   6.9500000000000000e+01   5.1200000000000000e+01   2.0232000000000000e+02   2.8170000000000000e+01   0.0000000000000000e+00   0.0000000000000000e+00   0.0000000000000000e+00   0.0000000000000000e+00   3.1560000000000000e+01   6.9500000000000000e+00   1.0590000000000000e+01   7.0000000000000000e+00   9.2230000000000000e+04

5.7000000000000000e+01   1.8446000000000000e+04   3.0000000000000000e+01   6.9500000000000000e+01   5.1200000000000000e+01   2.0232000000000000e+02   2.8170000000000000e+01   0.0000000000000000e+00   0.0000000000000000e+00   0.0000000000000000e+00   0.0000000000000000e+00   3.1560000000000000e+01   6.9500000000000000e+00   1.0590000000000000e+01   7.0000000000000000e+00   9.2230000000000000e+04 

5.8000000000000000e+01   1.8446000000000000e+04   3.0000000000000000e+01   6.9500000000000000e+01   5.1200000000000000e+01   2.0232000000000000e+02   2.8170000000000000e+01   0.0000000000000000e+00   0.0000000000000000e+00   0.0000000000000000e+00   0.0000000000000000e+00   3.1560000000000000e+01   6.9500000000000000e+00   1.0590000000000000e+01   7.0000000000000000e+00   9.2230000000000000e+04 

5.9000000000000000e+01   1.8446000000000000e+04   3.0000000000000000e+01   6.9500000000000000e+01   5.1200000000000000e+01   2.0232000000000000e+02   2.8170000000000000e+01   0.0000000000000000e+00   0.0000000000000000e+00   0.0000000000000000e+00   0.0000000000000000e+00   3.1560000000000000e+01   6.9500000000000000e+00   1.0590000000000000e+01   7.0000000000000000e+00   9.2230000000000000e+04 

6.0000000000000000e+01   1.8446000000000000e+04   3.0000000000000000e+01   6.9500000000000000e+01   5.1200000000000000e+01   2.0232000000000000e+02   2.8170000000000000e+01   0.0000000000000000e+00   0.0000000000000000e+00   0.0000000000000000e+00   0.0000000000000000e+00   3.1560000000000000e+01   6.9500000000000000e+00   1.0590000000000000e+01   7.0000000000000000e+00   9.2230000000000000e+04

6.1000000000000000e+01   1.8446000000000000e+04   3.0000000000000000e+01   6.9500000000000000e+01   5.1200000000000000e+01   2.0232000000000000e+02   2.8170000000000000e+01   0.0000000000000000e+00   0.0000000000000000e+00   0.0000000000000000e+00   0.0000000000000000e+00   3.1560000000000000e+01   6.9500000000000000e+00   1.0590000000000000e+01   7.0000000000000000e+00   9.2230000000000000e+04

6.2000000000000000e+01   1.8446000000000000e+04   3.0000000000000000e+01   6.9500000000000000e+01   5.1200000000000000e+01   2.0232000000000000e+02   2.8170000000000000e+01   0.0000000000000000e+00   0.0000000000000000e+00   0.0000000000000000e+00   0.0000000000000000e+00   3.1560000000000000e+01   6.9500000000000000e+00   1.0590000000000000e+01   7.0000000000000000e+00   9.2230000000000000e+04

6.3000000000000000e+01   1.8446000000000000e+04   3.0000000000000000e+01   6.9500000000000000e+01   5.1200000000000000e+01   2.0232000000000000e+02   2.8170000000000000e+01   0.0000000000000000e+00   0.0000000000000000e+00   0.0000000000000000e+00   0.0000000000000000e+00   3.1560000000000000e+01   6.9500000000000000e+00   1.0590000000000000e+01   7.0000000000000000e+00   9.2230000000000000e+04 

6.4000000000000000e+01   1.8446000000000000e+04   3.0000000000000000e+01   6.9500000000000000e+01   5.1200000000000000e+01   2.0232000000000000e+02   2.8170000000000000e+01   0.0000000000000000e+00   0.0000000000000000e+00   0.0000000000000000e+00   0.0000000000000000e+00   3.1560000000000000e+01   6.9500000000000000e+00   1.0590000000000000e+01   7.0000000000000000e+00   9.2230000000000000e+04 

6.5000000000000000e+01   1.8446000000000000e+04   3.0000000000000000e+01   6.9500000000000000e+01   5.1200000000000000e+01   2.0232000000000000e+02   2.8170000000000000e+01   0.0000000000000000e+00   0.0000000000000000e+00   0.0000000000000000e+00   0.0000000000000000e+00   3.1560000000000000e+01   6.9500000000000000e+00   1.0590000000000000e+01   7.0000000000000000e+00   9.2230000000000000e+04 

6.6000000000000000e+01   1.8446000000000000e+04   3.0000000000000000e+01   6.9500000000000000e+01   5.1200000000000000e+01   2.0232000000000000e+02   2.8170000000000000e+01   0.0000000000000000e+00   0.0000000000000000e+00   0.0000000000000000e+00   0.0000000000000000e+00   3.1560000000000000e+01   6.9500000000000000e+00   1.0590000000000000e+01   7.0000000000000000e+00   9.2230000000000000e+04 

6.7000000000000000e+01   1.8446000000000000e+04   3.0000000000000000e+01   6.9500000000000000e+01   5.1200000000000000e+01   2.0232000000000000e+02   2.8170000000000000e+01   0.0000000000000000e+00   0.0000000000000000e+00   0.0000000000000000e+00   0.0000000000000000e+00   3.1560000000000000e+01   6.9500000000000000e+00   1.0590000000000000e+01   7.0000000000000000e+00   9.2230000000000000e+04 

6.8000000000000000e+01   1.8446000000000000e+04   3.0000000000000000e+01   6.9500000000000000e+01   5.1200000000000000e+01   2.0232000000000000e+02   2.8170000000000000e+01   0.0000000000000000e+00   0.0000000000000000e+00   0.0000000000000000e+00   0.0000000000000000e+00   3.1560000000000000e+01   6.9500000000000000e+00   1.0590000000000000e+01   7.0000000000000000e+00   9.2230000000000000e+04

6.9000000000000000e+01   1.8446000000000000e+04   3.0000000000000000e+01   6.9500000000000000e+01   5.1200000000000000e+01   2.0232000000000000e+02   2.8170000000000000e+01   0.0000000000000000e+00   0.0000000000000000e+00   0.0000000000000000e+00   0.0000000000000000e+00   3.1560000000000000e+01   6.9500000000000000e+00   1.0590000000000000e+01   7.0000000000000000e+00   9.2230000000000000e+04

7.0000000000000000e+01   1.8446000000000000e+04   3.0000000000000000e+01   6.9500000000000000e+01   5.1200000000000000e+01   2.0232000000000000e+02   2.8170000000000000e+01   0.0000000000000000e+00   0.0000000000000000e+00   0.0000000000000000e+00   0.0000000000000000e+00   3.1560000000000000e+01   6.9500000000000000e+00   1.0590000000000000e+01   7.0000000000000000e+00   9.2230000000000000e+04

7.1000000000000000e+01   1.8446000000000000e+04   3.0000000000000000e+01   6.9500000000000000e+01   5.1200000000000000e+01   2.0232000000000000e+02   2.8170000000000000e+01   0.0000000000000000e+00   0.0000000000000000e+00   0.0000000000000000e+00   0.0000000000000000e+00   3.1560000000000000e+01   6.9500000000000000e+00   1.0590000000000000e+01   7.0000000000000000e+00   9.2230000000000000e+04 

7.2000000000000000e+01   1.8446000000000000e+04   3.0000000000000000e+01   6.9500000000000000e+01   5.1200000000000000e+01   2.0232000000000000e+02   2.8170000000000000e+01   0.0000000000000000e+00   0.0000000000000000e+00   0.0000000000000000e+00   0.0000000000000000e+00   3.1560000000000000e+01   6.9500000000000000e+00   1.0590000000000000e+01   7.0000000000000000e+00   9.2230000000000000e+04

7.3000000000000000e+01   1.8446000000000000e+04   3.0000000000000000e+01   6.9500000000000000e+01   5.1200000000000000e+01   2.0232000000000000e+02   2.8170000000000000e+01   0.0000000000000000e+00   0.0000000000000000e+00   0.0000000000000000e+00   0.0000000000000000e+00   3.1560000000000000e+01   6.9500000000000000e+00   1.0590000000000000e+01   7.0000000000000000e+00   9.2230000000000000e+04

7.4000000000000000e+01   1.8446000000000000e+04   3.0000000000000000e+01   6.9500000000000000e+01   5.1200000000000000e+01   2.0232000000000000e+02   2.8170000000000000e+01   0.0000000000000000e+00   0.0000000000000000e+00   0.0000000000000000e+00   0.0000000000000000e+00   3.1560000000000000e+01   6.9500000000000000e+00   1.0590000000000000e+01   7.0000000000000000e+00   9.2230000000000000e+04

7.5000000000000000e+01   1.8446000000000000e+04   3.0000000000000000e+01   6.9500000000000000e+01   5.1200000000000000e+01   2.0232000000000000e+02   2.8170000000000000e+01   0.0000000000000000e+00   0.0000000000000000e+00   0.0000000000000000e+00   0.0000000000000000e+00   3.1560000000000000e+01   6.9500000000000000e+00   1.0590000000000000e+01   7.0000000000000000e+00   9.2230000000000000e+04 

7.6000000000000000e+01   1.8446000000000000e+04   3.0000000000000000e+01   6.9500000000000000e+01   5.1200000000000000e+01   2.0232000000000000e+02   2.8170000000000000e+01   0.0000000000000000e+00   0.0000000000000000e+00   0.0000000000000000e+00   0.0000000000000000e+00   3.1560000000000000e+01   6.9500000000000000e+00   1.0590000000000000e+01   7.0000000000000000e+00   9.2230000000000000e+04 

7.7000000000000000e+01   1.8446000000000000e+04   3.0000000000000000e+01   6.9500000000000000e+01   5.1200000000000000e+01   2.0232000000000000e+02   2.8170000000000000e+01   0.0000000000000000e+00   0.0000000000000000e+00   0.0000000000000000e+00   0.0000000000000000e+00   3.1560000000000000e+01   6.9500000000000000e+00   1.0590000000000000e+01   7.0000000000000000e+00   9.2230000000000000e+04 

7.8000000000000000e+01   1.8446000000000000e+04   3.0000000000000000e+01   6.9500000000000000e+01   5.1200000000000000e+01   2.0232000000000000e+02   2.8170000000000000e+01   0.0000000000000000e+00   0.0000000000000000e+00   0.0000000000000000e+00   0.0000000000000000e+00   3.1560000000000000e+01   6.9500000000000000e+00   1.0590000000000000e+01   7.0000000000000000e+00   9.2230000000000000e+04 

7.9000000000000000e+01   1.8446000000000000e+04   3.0000000000000000e+01   6.9500000000000000e+01   5.1200000000000000e+01   2.0232000000000000e+02   2.8170000000000000e+01   0.0000000000000000e+00   0.0000000000000000e+00   0.0000000000000000e+00   0.0000000000000000e+00   3.1560000000000000e+01   6.9500000000000000e+00   1.0590000000000000e+01   7.0000000000000000e+00   9.2230000000000000e+04 

8.0000000000000000e+01   1.8446000000000000e+04   3.0000000000000000e+01   6.9500000000000000e+01   5.1200000000000000e+01   2.0232000000000000e+02   2.8170000000000000e+01   0.0000000000000000e+00   0.0000000000000000e+00   0.0000000000000000e+00   0.0000000000000000e+00   3.1560000000000000e+01   6.9500000000000000e+00   1.0590000000000000e+01   7.0000000000000000e+00   9.2230000000000000e+04

8.1000000000000000e+01   1.8446000000000000e+04   3.0000000000000000e+01   6.9500000000000000e+01   5.1200000000000000e+01   2.0232000000000000e+02   2.8170000000000000e+01   0.0000000000000000e+00   0.0000000000000000e+00   0.0000000000000000e+00   0.0000000000000000e+00   3.1560000000000000e+01   6.9500000000000000e+00   1.0590000000000000e+01   7.0000000000000000e+00   9.2230000000000000e+04

8.2000000000000000e+01   1.8446000000000000e+04   3.0000000000000000e+01   6.9500000000000000e+01   5.1200000000000000e+01   2.0232000000000000e+02   2.8170000000000000e+01   0.0000000000000000e+00   0.0000000000000000e+00   0.0000000000000000e+00   0.0000000000000000e+00   3.1560000000000000e+01   6.9500000000000000e+00   1.0590000000000000e+01   7.0000000000000000e+00   9.2230000000000000e+04

8.3000000000000000e+01   1.8446000000000000e+04   3.0000000000000000e+01   6.9500000000000000e+01   5.1200000000000000e+01   2.0232000000000000e+02   2.8170000000000000e+01   0.0000000000000000e+00   0.0000000000000000e+00   0.0000000000000000e+00   0.0000000000000000e+00   3.1560000000000000e+01   6.9500000000000000e+00   1.0590000000000000e+01   7.0000000000000000e+00   9.2230000000000000e+04 

8.4000000000000000e+01   1.8446000000000000e+04   3.0000000000000000e+01   6.9500000000000000e+01   5.1200000000000000e+01   2.0232000000000000e+02   2.8170000000000000e+01   0.0000000000000000e+00   0.0000000000000000e+00   0.0000000000000000e+00   0.0000000000000000e+00   3.1560000000000000e+01   6.9500000000000000e+00   1.0590000000000000e+01   7.0000000000000000e+00   9.2230000000000000e+04 

8.5000000000000000e+01   1.8446000000000000e+04   3.0000000000000000e+01   6.9500000000000000e+01   5.1200000000000000e+01   2.0232000000000000e+02   2.8170000000000000e+01   0.0000000000000000e+00   0.0000000000000000e+00   0.0000000000000000e+00   0.0000000000000000e+00   3.1560000000000000e+01   6.9500000000000000e+00   1.0590000000000000e+01   7.0000000000000000e+00   9.2230000000000000e+04 

8.6000000000000000e+01   1.8446000000000000e+04   3.0000000000000000e+01   6.9500000000000000e+01   5.1200000000000000e+01   2.0232000000000000e+02   2.8170000000000000e+01   0.0000000000000000e+00   0.0000000000000000e+00   0.0000000000000000e+00   0.0000000000000000e+00   3.1560000000000000e+01   6.9500000000000000e+00   1.0590000000000000e+01   7.0000000000000000e+00   9.2230000000000000e+04

8.7000000000000000e+01   1.8446000000000000e+04   3.0000000000000000e+01   6.9500000000000000e+01   5.1200000000000000e+01   2.0232000000000000e+02   2.8170000000000000e+01   0.0000000000000000e+00   0.0000000000000000e+00   0.0000000000000000e+00   0.0000000000000000e+00   3.1560000000000000e+01   6.9500000000000000e+00   1.0590000000000000e+01   7.0000000000000000e+00   9.2230000000000000e+04

8.8000000000000000e+01   1.8446000000000000e+04   3.0000000000000000e+01   6.9500000000000000e+01   5.1200000000000000e+01   2.0232000000000000e+02   2.8170000000000000e+01   0.0000000000000000e+00   0.0000000000000000e+00   0.0000000000000000e+00   0.0000000000000000e+00   3.1560000000000000e+01   6.9500000000000000e+00   1.0590000000000000e+01   7.0000000000000000e+00   9.2230000000000000e+04

8.9000000000000000e+01   1.8446000000000000e+04   3.0000000000000000e+01   6.9500000000000000e+01   5.1200000000000000e+01   2.0232000000000000e+02   2.8170000000000000e+01   0.0000000000000000e+00   0.0000000000000000e+00   0.0000000000000000e+00   0.0000000000000000e+00   3.1560000000000000e+01   6.9500000000000000e+00   1.0590000000000000e+01   7.0000000000000000e+00   9.2230000000000000e+04 

9.0000000000000000e+01   1.8446000000000000e+04   3.0000000000000000e+01   6.9500000000000000e+01   5.1200000000000000e+01   2.0232000000000000e+02   2.8170000000000000e+01   0.0000000000000000e+00   0.0000000000000000e+00   0.0000000000000000e+00   0.0000000000000000e+00   3.1560000000000000e+01   6.9500000000000000e+00   1.0590000000000000e+01   7.0000000000000000e+00   9.2230000000000000e+04 

9.1000000000000000e+01   1.8446000000000000e+04   3.0000000000000000e+01   6.9500000000000000e+01   5.1200000000000000e+01   2.0232000000000000e+02   2.8170000000000000e+01   0.0000000000000000e+00   0.0000000000000000e+00   0.0000000000000000e+00   0.0000000000000000e+00   3.1560000000000000e+01   6.9500000000000000e+00   1.0590000000000000e+01   7.0000000000000000e+00   9.2230000000000000e+04 

9.2000000000000000e+01   1.8446000000000000e+04   3.0000000000000000e+01   6.9500000000000000e+01   5.1200000000000000e+01   2.0232000000000000e+02   2.8170000000000000e+01   0.0000000000000000e+00   0.0000000000000000e+00   0.0000000000000000e+00   0.0000000000000000e+00   3.1560000000000000e+01   6.9500000000000000e+00   1.0590000000000000e+01   7.0000000000000000e+00   9.2230000000000000e+04

9.3000000000000000e+01   1.8446000000000000e+04   3.0000000000000000e+01   6.9500000000000000e+01   5.1200000000000000e+01   2.0232000000000000e+02   2.8170000000000000e+01   0.0000000000000000e+00   0.0000000000000000e+00   0.0000000000000000e+00   0.0000000000000000e+00   3.1560000000000000e+01   6.9500000000000000e+00   1.0590000000000000e+01   7.0000000000000000e+00   9.2230000000000000e+04 

9.4000000000000000e+01   1.8446000000000000e+04   3.0000000000000000e+01   6.9500000000000000e+01   5.1200000000000000e+01   2.0232000000000000e+02   2.8170000000000000e+01   0.0000000000000000e+00   0.0000000000000000e+00   0.0000000000000000e+00   0.0000000000000000e+00   3.1560000000000000e+01   6.9500000000000000e+00   1.0590000000000000e+01   7.0000000000000000e+00   9.2230000000000000e+04 

9.5000000000000000e+01   1.8446000000000000e+04   3.0000000000000000e+01   6.9500000000000000e+01   5.1200000000000000e+01   2.0232000000000000e+02   2.8170000000000000e+01   0.0000000000000000e+00   0.0000000000000000e+00   0.0000000000000000e+00   0.0000000000000000e+00   3.1560000000000000e+01   6.9500000000000000e+00   1.0590000000000000e+01   7.0000000000000000e+00   9.2230000000000000e+04 

9.6000000000000000e+01   1.8446000000000000e+04   3.0000000000000000e+01   6.9500000000000000e+01   5.1200000000000000e+01   2.0232000000000000e+02   2.8170000000000000e+01   0.0000000000000000e+00   0.0000000000000000e+00   0.0000000000000000e+00   0.0000000000000000e+00   3.1560000000000000e+01   6.9500000000000000e+00   1.0590000000000000e+01   7.0000000000000000e+00   9.2230000000000000e+04

9.7000000000000000e+01   1.8446000000000000e+04   3.0000000000000000e+01   6.9500000000000000e+01   5.1200000000000000e+01   2.0232000000000000e+02   2.8170000000000000e+01   0.0000000000000000e+00   0.0000000000000000e+00   0.0000000000000000e+00   0.0000000000000000e+00   3.1560000000000000e+01   6.9500000000000000e+00   1.0590000000000000e+01   7.0000000000000000e+00   9.2230000000000000e+04

9.8000000000000000e+01   1.8446000000000000e+04   3.0000000000000000e+01   6.9500000000000000e+01   5.1200000000000000e+01   2.0232000000000000e+02   2.8170000000000000e+01   0.0000000000000000e+00   0.0000000000000000e+00   0.0000000000000000e+00   0.0000000000000000e+00   3.1560000000000000e+01   6.9500000000000000e+00   1.0590000000000000e+01   7.0000000000000000e+00   9.2230000000000000e+04

9.9000000000000000e+01   1.8446000000000000e+04   3.0000000000000000e+01   6.9500000000000000e+01   5.1200000000000000e+01   2.0232000000000000e+02   2.8170000000000000e+01   0.0000000000000000e+00   0.0000000000000000e+00   0.0000000000000000e+00   0.0000000000000000e+00   3.1560000000000000e+01   6.9500000000000000e+00   1.0590000000000000e+01   7.0000000000000000e+00   9.2230000000000000e+04 

1.0000000000000000e+02   1.8446000000000000e+04   3.0000000000000000e+01   6.9500000000000000e+01   5.1200000000000000e+01   2.0232000000000000e+02   2.8170000000000000e+01   0.0000000000000000e+00   0.0000000000000000e+00   0.0000000000000000e+00   0.0000000000000000e+00   3.1560000000000000e+01   6.9500000000000000e+00   1.0590000000000000e+01   7.0000000000000000e+00   9.2230000000000000e+04 

